0.5885416666666666 1
0.5 3
0.375 6
0.0 6
0.0 8
0.0 6
0.0 5
0.0 8
0.0 7
0.0 5
0.0 5
0.0 6
0.0 5
0.5 6
0.0 7
0.0 8
0.0 6
0.0 4
0.0 4
0.5 6
0.0 4
0.0 4
0.5 5
0.0 5
0.5 7
0.0 4
0.0 4
0.5 5
0.0 4
0.5 6
0.0 5
0.5 6
0.0 4
0.0 4
0.0 4
0.5 6
0.5 6
0.0 4
0.5 6
0.625 3
0.5 8
0.0 8
0.0 6
0.0 7
0.5 5
0.0 7
0.0 5
0.5 5
0.5 3
0.0 3
0.5 3
0.5 7
0.0 3
0.5 5
0.5 6
0.0 3
0.0 3
0.0 3
0.5 3
0.5 3
0.375 6
0.0 4
0.0 8
0.0 7
0.0 4
0.0 4
0.5 8
0.0 6
0.0 4
0.0 3
0.0 3
0.0 3
0.0 3
0.5 8
0.0 3
0.0 3
0.0 3
0.0 3
0.5 3
0.375 3
0.5 4
0.5 4
0.5 3
0.5 3
0.5 3
0.5 3
0.0 3
0.5 3
0.625 3
0.5 4
0.5 3
0.5 3
0.5 5
0.375 3
0.5 7
0.5 7
0.0 8
0.0 5
0.0 5
0.0 5
0.5 7
0.5 7
0.0 6
0.5 7
0.0 4
0.0 4
0.5 8
0.0 4
0.5 5
0.0 6
0.5 4
0.0 4
0.5 5
0.5 4
0.5 5
0.0 4
0.5 5
0.5 5
0.625 2
0.5 2
0.0 2
0.5 2
0.0 2
0.0 2
0.5 5
0.0 2
0.5 2
0.5 2
0.25 2
0.0 2
0.0 2
0.0 2
0.5 7
0.0 2
0.5 4
0.0 2
0.5 2
0.5 5
0.5 2
0.5 2
0.5 2
0.5 2
0.0 2
0.5 2
0.625 2
0.5 2
0.5 2
0.5 4
0.25 3
0.0 6
0.0 8
0.0 7
0.0 8
0.0 6
0.0 3
0.0 3
0.0 3
0.0 3
0.0 3
0.0 5
0.0 8
0.0 5
0.5 7
0.0 3
0.5 7
0.0 5
0.5 3
0.0 3
0.5 3
0.0 2
0.0 2
0.0 2
0.0 2
0.0 2
0.0 2
0.0 2
0.0 2
0.0 2
0.0 2
0.0 2
0.0 2
0.0 2
0.25 3
0.0 2
0.5 7
0.0 2
0.5 3
0.25 2
0.5 2
0.5 2
0.0 2
0.25 2
0.5 2
0.0 2
0.5 3
0.375 3
0.0 4
0.0 8
0.0 4
0.0 7
0.0 4
0.5 8
0.0 3
0.5 8
0.0 3
0.0 4
0.0 6
0.0 4
0.5 3
0.5 3
0.0 3
0.0 4
0.5 3
0.5 3
0.5 3
0.25 2
0.5 2
0.0 2
0.5 2
0.0 2
0.0 2
0.0 2
0.0 2
0.0 2
0.5 6
0.0 2
0.5 6
0.625 2
0.5 2
0.5 3
0.0 2
0.5 3
0.5 3
0.0 2
0.5 3
0.625 2
0.5 2
0.375 2
0.25 4
0.0 4
0.0 3
0.5 4
0.5 4
0.0 4
0.5 5
0.0 3
0.5 5
0.375 2
0.5 2
0.5 2
0.0 2
0.5 2
0.5 2
0.5 2
0.625 2
0.5 2
0.0 2
0.5 2
0.5 7
0.5 4
0.5 2
0.625 2
0.25 2
0.5 3
0.0 4
0.5 3
0.0 3
0.5 3
0.25 2
0.5 2
0.5 2
0.0 2
0.5 8
0.5 2
0.5 3
0.5 6
0.0 2
0.25 3
0.25 3
0.375 3
0.375 2
0.625 2
0.375 2
0.375 3
0.625 2
0.5833333333333333 1
0.5 7
0.5 6
0.0 8
0.0 5
0.0 8
0.0 7
0.0 5
0.0 6
0.0 5
0.5 6
0.5 7
0.0 8
0.0 7
0.0 6
0.0 6
0.5 7
0.0 4
0.0 4
0.0 4
0.0 4
0.0 4
0.5 7
0.0 5
0.0 5
0.5 4
0.0 4
0.0 4
0.5 4
0.5 5
0.5 6
0.0 4
0.5 5
0.5 6
0.5 5
0.5 6
0.5 5
0.0 4
0.625 3
0.5 7
0.0 6
0.5 5
0.0 6
0.5 5
0.5 3
0.0 3
0.5 3
0.5 7
0.0 3
0.0 3
0.5 7
0.5 3
0.5 3
0.5 3
0.5 3
0.625 3
0.5 4
0.0 8
0.0 4
0.5 4
0.5 3
0.5 3
0.5 4
0.5 3
0.5 3
0.0 3
0.625 3
0.5 4
0.5 4
0.5 3
0.5 3
0.5 3
0.5 3
0.5 3
0.5 3
0.5 3
0.5 4
0.5 3
0.5 3
0.5 4
0.625 3
0.625 1
0.5 1
0.5 1
0.5 1
0.5 1
0.5 1
0.5 1
0.625 1
0.5 1
0.5 1
0.5 1
0.5 1
0.0 1
0.625 1
0.5 1
0.5 1
0.5 1
0.5 1
0.5 1
0.5 1
0.5 1
0.5 1
0.5 1
0.625 1
0.25 1
0.0 1
0.0 1
0.0 1
0.0 1
0.0 1
0.5 1
0.0 1
0.5 1
0.5 6
0.0 1
0.5 6
0.625 1
0.5 1
0.5 3
0.375 1
0.5 1
0.5 1
0.5 3
0.375 1
0.5 1
0.5 1
0.625 1
0.25 1
0.0 1
0.0 1
0.0 1
0.0 1
0.0 1
0.5 1
0.5 1
0.0 1
0.5 1
0.5 1
0.0 1
0.625 1
0.5 8
0.0 1
0.5 1
0.5 1
0.625 1
0.5 1
0.5 1
0.5 3
0.0 1
0.375 1
0.375 1
0.5 1
0.5 1
0.5 1
0.5 1
0.5 1
0.0 1
0.5 8
0.5 1
0.5 1
0.5 1
0.5 5
0.625 1
0.0 1
0.25 1
0.625 1
0.5 1
0.5 1
0.5 1
0.5 1
0.625 1
0.5 1
0.625 1
0.5 1
0.625 1
0.625 1
0.375 1
0.625 1
0.375 1
0.625 1
0.375 3
0.5 1
0.625 6
0.5 7
0.0 2
0.0 2
0.0 2
0.0 2
0.0 2
0.5 8
0.5 7
0.5 5
0.5 6
0.5 5
0.5 6
0.625 6
0.0 2
0.0 2
0.0 2
0.5 6
0.5 8
0.5 4
0.5 8
0.5 6
0.5 7
0.5 6
0.5 5
0.5 5
0.5 5
0.5 4
0.5 4
0.0 2
0.0 2
0.25 4
0.5 5
0.5 4
0.0 2
0.5 4
0.625 6
0.0 1
0.0 1
0.5 6
0.0 1
0.0 1
0.5 5
0.5 7
0.5 8
0.5 6
0.5 7
0.5 6
0.625 6
0.0 1
0.0 1
0.0 1
0.0 1
0.5 8
0.5 7
0.5 8
0.5 6
0.5 7
0.5 6
0.25 4
0.5 5
0.5 5
0.5 4
0.5 4
0.0 1
0.0 1
0.5 5
0.5 5
0.5 4
0.0 1
0.25 4
0.25 1
0.0 1
0.5 1
0.0 1
0.5 6
0.25 1
0.5 1
0.5 1
0.0 1
0.25 1
0.5 1
0.0 1
0.5 1
0.5 8
0.5 2
0.0 1
0.5 1
0.0 1
0.5 1
0.5 6
0.5 1
0.0 1
0.0 1
0.5 2
0.0 1
0.25 1
0.625 1
0.5 1
0.5 1
0.625 1
0.5 1
0.5 1
0.375 2
0.375 1
0.625 1
0.5 1
0.625 1
0.5 1
0.375 1
0.375 1
0.625 1
0.625 1
0.375 1
0.375 2
0.625 8
0.625 6
0.5 7
0.0 2
0.0 2
0.0 2
0.5 7
0.5 8
0.5 7
0.5 3
0.5 3
0.5 3
0.5 6
0.625 3
0.5 5
0.5 5
0.5 3
0.5 3
0.5 3
0.5 3
0.5 8
0.5 5
0.5 3
0.0 2
0.5 3
0.625 6
0.0 1
0.0 1
0.0 1
0.5 8
0.0 1
0.5 8
0.5 7
0.5 8
0.5 6
0.5 7
0.5 3
0.5 8
0.5 5
0.5 5
0.5 3
0.5 3
0.0 1
0.5 3
0.625 3
0.5 5
0.5 3
0.5 5
0.5 6
0.5 8
0.5 1
0.5 1
0.5 1
0.5 2
0.625 1
0.5 1
0.5 1
0.5 1
0.5 1
0.625 2
0.5 1
0.5 1
0.625 1
0.5 1
0.5 1
0.625 2
0.5 2
0.5 3
0.625 1
0.5 1
0.5 1
0.625 2
0.5 2
0.625 1
0.5 1
0.625 1
0.5 1
0.625 1
0.625 1
0.625 2
0.5833333333333333 1
0.5 3
0.5 4
0.5 4
0.5 3
0.5 3
0.5 3
0.0 2
0.5 6
0.5 4
0.5 3
0.5 4
0.625 3
0.25 3
0.5 4
0.5 4
0.5 3
0.5 3
0.0 1
0.0 1
0.5 3
0.5 4
0.5 3
0.0 1
0.25 3
0.5 1
0.5 1
0.5 1
0.5 1
0.0 1
0.5 2
0.5 1
0.625 1
0.375 1
0.5 3
0.375 1
0.5 1
0.625 1
0.5 1
0.625 1
0.5 1
0.625 1
0.375 1
0.375 2
0.5833333333333333 1
0.625 3
0.625 3
0.625 3
0.625 3
0.625 1
0.625 1
0.625 1
0.625 1
0.625 1
0.625 1
0.375 1
0.375 3
0.5833333333333333 2
0.625 3
0.625 3
0.625 1
0.625 1
0.625 1
0.25 1
0.5833333333333334 1
0.5833333333333333 2
0.625 4
0.5 8
0.0 6
0.5 5
0.0 6
0.5 5
0.5 6
0.0 8
0.5 4
0.0 4
0.5 4
0.5 5
0.0 5
0.5 7
0.0 4
0.0 4
0.0 4
0.5 5
0.5 5
0.5 6
0.5 5
0.5 6
0.5 4
0.5 4
0.625 3
0.5 6
0.0 8
0.0 8
0.0 7
0.0 6
0.5 5
0.0 8
0.0 5
0.5 5
0.5 3
0.5 3
0.5 3
0.0 3
0.5 3
0.5 3
0.0 3
0.5 3
0.5 6
0.5 7
0.0 3
0.5 7
0.0 4
0.0 8
0.0 7
0.0 4
0.0 4
0.0 4
0.0 6
0.0 4
0.5 6
0.5 8
0.0 3
0.0 3
0.0 3
0.0 3
0.5 3
0.5 8
0.5 3
0.5 4
0.0 3
0.625 4
0.5 4
0.5 4
0.5 3
0.5 3
0.5 3
0.5 3
0.5 3
0.5 4
0.5 5
0.5 4
0.5 3
0.5 3
0.5 3
0.625 3
0.5 7
0.5 6
0.0 8
0.0 7
0.0 6
0.0 5
0.0 5
0.0 5
0.0 5
0.5 6
0.5 6
0.0 8
0.0 6
0.5 7
0.0 4
0.0 4
0.0 4
0.0 4
0.5 6
0.5 5
0.0 8
0.0 7
0.0 5
0.5 4
0.0 4
0.0 4
0.5 4
0.5 5
0.0 6
0.5 6
0.0 4
0.5 5
0.5 5
0.5 5
0.0 4
0.5 5
0.0 4
0.625 2
0.5 2
0.0 2
0.5 2
0.5 2
0.0 2
0.5 2
0.5 2
0.0 2
0.5 2
0.0 2
0.5 5
0.0 2
0.375 6
0.0 2
0.0 2
0.0 2
0.0 2
0.5 6
0.0 2
0.5 2
0.0 2
0.5 2
0.0 2
0.0 2
0.5 5
0.5 2
0.5 2
0.5 2
0.5 2
0.5 2
0.0 2
0.375 2
0.5 2
0.5 2
0.5 2
0.625 2
0.25 3
0.5 8
0.0 8
0.0 7
0.0 6
0.5 8
0.0 3
0.0 3
0.0 3
0.0 3
0.0 5
0.0 7
0.0 5
0.5 3
0.0 3
0.0 3
0.5 3
0.5 5
0.0 3
0.5 5
0.0 3
0.625 2
0.5 2
0.0 2
0.5 2
0.0 2
0.0 2
0.0 2
0.0 2
0.5 2
0.5 2
0.25 2
0.0 2
0.5 3
0.5 2
0.0 2
0.625 2
0.5 2
0.5 2
0.5 2
0.375 2
0.5 2
0.0 2
0.5 3
0.5 7
0.0 4
0.0 8
0.0 4
0.0 7
0.0 4
0.5 3
0.0 3
0.0 3
0.5 3
0.5 8
0.0 6
0.5 3
0.5 3
0.5 3
0.5 4
0.5 3
0.5 3
0.0 3
0.625 2
0.5 2
0.0 2
0.0 2
0.5 2
0.5 2
0.5 2
0.5 7
0.5 4
0.625 2
0.5 2
0.5 2
0.5 3
0.0 2
0.625 2
0.5 2
0.5 4
0.5 2
0.5 2
0.625 2
0.375 3
0.0 4
0.5 3
0.5 3
0.5 3
0.0 4
0.0 3
0.0 3
0.0 3
0.375 2
0.5 2
0.5 2
0.5 2
0.5 2
0.5 2
0.0 2
0.625 2
0.5 2
0.5 2
0.0 2
0.5 7
0.5 2
0.0 2
0.25 2
0.625 2
0.5 3
0.5 5
0.5 3
0.0 3
0.5 3
0.625 2
0.5 2
0.5 2
0.625 2
0.5 2
0.5 2
0.5 2
0.5 2
0.625 2
0.625 2
0.375 5
0.625 2
0.5 7
0.375 2
0.625 2
0.25 2
0.5833333333333333 0
0.625 0
0.5 0
0.0 0
0.5 0
0.5 7
0.0 0
0.0 0
0.5 5
0.5 0
0.5 0
0.5 0
0.5 0
0.625 0
0.5 0
0.0 0
0.5 0
0.5 4
0.5 0
0.5 0
0.0 0
0.625 0
0.5 0
0.5 0
0.5 0
0.5 0
0.5 0
0.5 0
0.5 0
0.5 0
0.5 0
0.5 4
0.625 0
0.25 0
0.5 8
0.0 0
0.0 0
0.0 0
0.0 0
0.5 0
0.0 0
0.0 0
0.5 0
0.0 0
0.5 5
0.0 0
0.625 0
0.5 0
0.0 0
0.0 0
0.5 5
0.5 0
0.5 0
0.0 0
0.375 0
0.5 0
0.5 0
0.625 0
0.375 7
0.0 0
0.0 0
0.0 0
0.0 0
0.0 0
0.5 0
0.5 0
0.0 0
0.5 0
0.5 0
0.0 0
0.625 0
0.0 0
0.5 3
0.5 0
0.5 0
0.625 0
0.5 0
0.5 0
0.375 0
0.0 0
0.5 3
0.375 0
0.5 0
0.5 0
0.5 0
0.5 0
0.5 0
0.0 0
0.5 7
0.5 0
0.5 0
0.5 0
0.0 0
0.625 0
0.0 0
0.25 0
0.625 0
0.5 0
0.5 0
0.5 0
0.5 0
0.625 0
0.5 0
0.625 0
0.5 0
0.625 0
0.625 0
0.5 7
0.625 0
0.375 0
0.625 0
0.25 0
0.5833333333333333 2
0.625 6
0.5 7
0.0 0
0.0 0
0.0 0
0.5 6
0.5 8
0.5 5
0.5 5
0.5 5
0.5 7
0.5 6
0.625 6
0.5 8
0.0 0
0.0 0
0.0 0
0.5 8
0.5 7
0.5 8
0.5 6
0.5 4
0.5 6
0.625 4
0.5 5
0.5 5
0.5 4
0.5 4
0.5 5
0.5 4
0.5 8
0.5 5
0.5 4
0.0 0
0.5 5
0.25 0
0.0 0
0.5 0
0.5 2
0.0 0
0.625 2
0.5 0
0.5 0
0.5 2
0.375 2
0.5 0
0.0 0
0.5 0
0.5 7
0.0 0
0.5 2
0.5 0
0.5 2
0.5 0
0.0 0
0.625 2
0.5 2
0.5 4
0.375 2
0.0 0
0.5 2
0.625 0
0.5 0
0.5 0
0.625 0
0.5 0
0.5 0
0.25 0
0.5 7
0.625 0
0.5 0
0.625 0
0.5 0
0.625 2
0.5 2
0.625 0
0.625 0
0.625 2
0.5 2
0.625 7
0.625 6
0.0 0
0.0 0
0.0 0
0.0 0
0.0 0
0.5 6
0.5 8
0.5 3
0.5 8
0.5 3
0.5 7
0.5 6
0.5 5
0.5 5
0.5 5
0.5 3
0.5 3
0.5 3
0.0 0
0.5 6
0.5 5
0.5 3
0.5 3
0.625 3
0.5 7
0.0 0
0.5 2
0.5 0
0.5 0
0.5 0
0.0 0
0.625 0
0.5 0
0.5 0
0.5 0
0.5 0
0.5 5
0.5 0
0.5 2
0.625 2
0.625 0
0.5 0
0.5 0
0.5 3
0.5 2
0.625 2
0.625 0
0.5 0
0.5 0
0.5 2
0.625 2
0.625 0
0.5 0
0.625 0
0.625 2
0.625 0
0.625 0
0.5 0
0.5833333333333333 0
0.5 4
0.5 4
0.5 4
0.5 3
0.5 3
0.0 0
0.0 0
0.25 3
0.5 4
0.5 3
0.0 0
0.5 3
0.5 0
0.5 0
0.5 0
0.5 0
0.0 0
0.375 0
0.5 0
0.5 4
0.625 0
0.5 2
0.0 0
0.375 0
0.5 0
0.625 0
0.5 0
0.625 0
0.5 0
0.625 0
0.5 7
0.25 0
0.6249999999999999 5
0.625 3
0.625 3
0.625 0
0.625 0
0.625 0
0.625 0
0.625 0
0.625 0
0.5 3
0.5 5
0.5 2
0.625 3
0.625 0
0.625 0
0.625 0
0.5 3
0.625 3
0.5833333333333333 1
0.375 5
0.0 6
0.0 8
0.0 6
0.0 7
0.0 6
0.0 5
0.0 5
0.0 5
0.0 5
0.0 5
0.5 6
0.0 8
0.0 4
0.0 4
0.5 6
0.0 4
0.5 6
0.5 5
0.0 8
0.0 7
0.0 4
0.0 4
0.0 4
0.5 5
0.5 5
0.5 5
0.0 6
0.0 5
0.0 4
0.0 4
0.0 4
0.5 5
0.5 6
0.0 4
0.0 4
0.5 6
0.625 1
0.5 1
0.5 1
0.5 1
0.0 1
0.5 1
0.5 1
0.0 1
0.5 1
0.0 1
0.0 1
0.5 6
0.25 1
0.0 1
0.0 1
0.0 1
0.0 1
0.0 1
0.0 1
0.5 1
0.0 1
0.5 1
0.0 1
0.0 1
0.375 1
0.5 1
0.5 1
0.5 1
0.5 1
0.5 1
0.0 1
0.5 5
0.5 1
0.5 1
0.5 1
0.625 1
0.25 5
0.5 7
0.0 6
0.5 7
0.0 3
0.0 3
0.0 3
0.5 5
0.0 6
0.0 3
0.0 3
0.5 5
0.0 3
0.5 7
0.0 3
0.5 7
0.0 3
0.625 1
0.5 1
0.5 1
0.5 8
0.5 5
0.5 1
0.5 1
0.25 1
0.5 8
0.0 1
0.5 1
0.0 1
0.625 1
0.5 1
0.5 1
0.5 5
0.5 1
0.375 1
0.5 1
0.375 1
0.5 7
0.0 4
0.0 8
0.0 4
0.5 3
0.5 3
0.5 3
0.5 4
0.5 3
0.5 4
0.5 3
0.625 1
0.5 1
0.0 1
0.5 1
0.5 1
0.5 1
0.625 1
0.5 1
0.5 1
0.625 1
0.5 1
0.5 1
0.5 1
0.625 1
0.375 3
0.0 4
0.5 3
0.0 3
0.5 3
0.0 4
0.5 3
0.0 3
0.5 3
0.375 1
0.5 1
0.5 1
0.5 1
0.5 1
0.5 1
0.0 1
0.625 1
0.5 1
0.5 1
0.5 3
0.375 1
0.5 1
0.0 1
0.375 3
0.625 1
0.5 5
0.5 4
0.0 3
0.0 3
0.5 4
0.625 1
0.5 1
0.5 1
0.625 1
0.5 1
0.5 1
0.5 1
0.5 1
0.625 1
0.625 1
0.25 3
0.625 1
0.5 6
0.375 1
0.625 1
0.25 1
0.5 5
0.625 0
0.5 0
0.0 0
0.5 0
0.5 8
0.0 0
0.5 5
0.0 0
0.0 0
0.0 0
0.5 5
0.5 0
0.5 0
0.25 0
0.0 0
0.0 0
0.0 0
0.0 0
0.0 0
0.5 8
0.0 0
0.0 0
0.0 0
0.0 0
0.5 0
0.375 0
0.5 0
0.5 0
0.5 0
0.5 0
0.0 0
0.5 0
0.625 0
0.5 0
0.5 0
0.5 5
0.5 5
0.25 5
0.5 7
0.0 0
0.0 0
0.0 0
0.0 0
0.0 0
0.5 5
0.0 0
0.0 0
0.5 7
0.0 0
0.0 0
0.0 0
0.0 0
0.0 0
0.0 0
0.5 5
0.5 0
0.5 0
0.0 0
0.0 0
0.25 0
0.5 0
0.25 0
0.25 0
0.5 0
0.0 0
0.5 0
0.0 0
0.0 0
0.5 4
0.0 0
0.625 0
0.5 0
0.0 0
0.5 3
0.5 4
0.0 0
0.625 0
0.5 0
0.5 3
0.375 0
0.5 0
0.5 0
0.0 0
0.5 0
0.5 0
0.5 0
0.625 0
0.5 0
0.5 3
0.5 0
0.375 0
0.0 0
0.5 0
0.625 0
0.375 3
0.5 8
0.5 0
0.5 0
0.5 4
0.5 6
0.5 0
0.0 0
0.25 0
0.0 0
0.25 4
0.25 3
0.5 7
0.625 0
0.375 0
0.25 0
0.625 0
0.5833333333333335 1
0.25 1
0.5 8
0.0 0
0.5 1
0.0 0
0.625 1
0.5 0
0.5 0
0.5 5
0.5 1
0.375 1
0.5 0
0.375 1
0.5 6
0.5 0
0.5 1
0.5 1
0.5 1
0.625 1
0.5 1
0.5 0
0.0 0
0.5 1
0.625 0
0.5 0
0.5 0
0.625 0
0.5 0
0.5 0
0.375 0
0.375 1
0.625 0
0.5 0
0.625 0
0.5 0
0.625 1
0.5 1
0.625 0
0.625 0
0.625 1
0.5 1
0.6249999999999999 6
0.5 6
0.5 8
0.5 1
0.0 0
0.5 1
0.0 0
0.5 0
0.5 5
0.5 0
0.5 0
0.5 1
0.5 0
0.625 0
0.5 0
0.5 1
0.625 1
0.5 1
0.5 1
0.625 0
0.5 0
0.625 1
0.625 0
0.5 0
0.5 0
0.625 0
0.625 1
0.625 0
0.5 0
0.5 1
0.625 1
0.625 0
0.5 0
0.625 0
0.5 1
0.25 0
0.5 0
0.5 0
0.0 0
0.0 0
0.5 0
0.5 0
0.0 0
0.5 1
0.5 1
0.0 0
0.0 0
0.25 0
0.25 0
0.375 0
0.375 1
0.375 1
0.375 1
0.375 1
0.375 0
0.5833333333333333 1
0.625 0
0.625 0
0.625 0
0.625 0
0.625 0
0.625 0
0.375 1
0.25 0
0.5833333333333333 0
0.625 0
0.625 0
0.625 0
0.375 3
0.5833333333333333 1
0.5833333333333334 5
0.625 6
0.5 7
0.0 2
0.0 2
0.5 8
0.5 7
0.5 6
0.0 2
0.5 8
0.5 6
0.5 6
0.5 7
0.5 6
0.625 6
0.5 1
0.0 1
0.5 8
0.5 1
0.5 6
0.0 1
0.5 8
0.5 6
0.5 6
0.5 7
0.5 6
0.375 6
0.0 1
0.5 1
0.0 1
0.5 6
0.0 1
0.0 1
0.25 1
0.0 1
0.0 1
0.25 1
0.0 1
0.5 1
0.625 6
0.5 2
0.5 2
0.5 2
0.5 2
0.0 2
0.5 8
0.5 2
0.5 6
0.5 7
0.5 6
0.625 6
0.5 1
0.0 1
0.5 8
0.5 1
0.5 1
0.5 1
0.5 1
0.5 1
0.5 1
0.5 6
0.625 1
0.5 1
0.5 1
0.5 1
0.5 6
0.5 1
0.5 1
0.0 1
0.5 2
0.5 1
0.625 1
0.625 4
0.5 2
0.5 4
0.5 2
0.5 2
0.5 4
0.5 2
0.625 4
0.5 1
0.5 1
0.5 1
0.5 5
0.5 4
0.5 4
0.625 1
0.5 1
0.0 1
0.5 2
0.5 7
0.5 1
0.0 1
0.5 5
0.625 1
0.625 4
0.5 5
0.5 4
0.5 4
0.625 4
0.5 1
0.5 4
0.5 1
0.625 1
0.0 1
0.5 1
0.5 6
0.0 1
0.5 5
0.625 1
0.625 4
0.625 4
0.5 5
0.25 4
0.375 5
0.375 5
0.5833333333333333 5
0.625 6
0.5 7
0.0 0
0.5 8
0.5 7
0.5 0
0.0 0
0.5 8
0.5 0
0.5 6
0.5 7
0.5 6
0.375 6
0.0 0
0.5 7
0.0 0
0.5 0
0.0 0
0.0 0
0.25 0
0.0 0
0.0 0
0.25 0
0.0 0
0.5 0
0.625 6
0.5 7
0.0 0
0.5 8
0.5 7
0.5 0
0.5 0
0.5 6
0.5 0
0.5 0
0.5 0
0.625 0
0.5 2
0.5 0
0.5 2
0.5 0
0.5 0
0.0 0
0.5 0
0.625 0
0.5 2
0.5 2
0.625 4
0.5 5
0.5 4
0.5 4
0.5 5
0.5 4
0.5 4
0.625 2
0.0 0
0.5 2
0.5 2
0.5 8
0.5 4
0.5 2
0.625 2
0.5 5
0.625 4
0.5 0
0.5 4
0.5 0
0.5 5
0.0 0
0.5 0
0.375 4
0.0 0
0.375 5
0.5 6
0.625 4
0.625 0
0.5 6
0.5 5
0.625 0
0.625 7
0.625 0
0.5 1
0.5 0
0.0 0
0.0 0
0.5 7
0.5 0
0.0 0
0.5 6
0.5 1
0.625 0
0.625 0
0.5 8
0.5 1
0.5 0
0.5 0
0.625 0
0.5 0
0.5 0
0.5 0
0.0 0
0.5 1
0.5 5
0.5 1
0.5 1
0.0 0
0.5 5
0.625 1
0.0 0
0.5 4
0.625 1
0.625 0
0.5 0
0.625 0
0.5 0
0.625 0
0.625 0
0.625 0
0.5 7
0.625 0
0.5 5
0.625 5
0.625 0
0.5 0
0.5 0
0.625 0
0.5 1
0.625 1
0.5 2
0.5 1
0.5 2
0.625 2
0.625 1
0.5 1
0.5 0
0.625 0
0.625 1
0.5 0
0.625 0
0.625 0
0.5 1
0.375 0
0.5 0
0.0 0
0.375 0
0.5 1
0.625 0
0.25 1
0.625 1
0.375 0
0.625 0
0.25 0
0.25 0
0.5833333333333333 0
0.625 0
0.625 0
0.625 0
0.625 0
0.5 1
0.375 0
0.5833333333333333 0
0.625 0
0.625 0
0.5 1
0.6249999999999999 1
0.5833333333333334 7
0.625 6
0.5 7
0.0 2
0.0 2
0.5 8
0.5 7
0.5 2
0.5 2
0.5 6
0.5 6
0.5 7
0.5 6
0.625 6
0.5 7
0.0 1
0.0 1
0.5 8
0.5 7
0.5 6
0.5 8
0.5 6
0.5 1
0.5 1
0.5 6
0.625 1
0.0 1
0.0 1
0.5 2
0.5 1
0.625 1
0.5 2
0.5 1
0.5 8
0.0 1
0.5 7
0.625 3
0.5 5
0.5 3
0.5 3
0.5 5
0.5 3
0.5 3
0.625 3
0.5 5
0.5 3
0.5 3
0.5 5
0.5 3
0.5 3
0.25 5
0.0 1
0.0 1
0.0 1
0.0 1
0.375 3
0.5 3
0.0 1
0.25 3
0.375 3
0.625 3
0.5 2
0.5 3
0.5 2
0.625 3
0.5 5
0.5 3
0.5 3
0.625 2
0.5 2
0.5 8
0.5 2
0.625 2
0.5 5
0.625 3
0.625 3
0.625 1
0.5 7
0.625 1
0.5 5
0.4583333333333333 7
0.625 6
0.5 7
0.0 0
0.0 0
0.5 8
0.5 7
0.5 6
0.0 0
0.5 8
0.5 6
0.5 6
0.5 7
0.5 6
0.375 7
0.0 0
0.0 0
0.5 2
0.0 0
0.5 7
0.0 0
0.5 2
0.0 0
0.0 0
0.25 0
0.0 0
0.25 0
0.625 3
0.5 5
0.5 0
0.5 0
0.5 5
0.5 3
0.5 3
0.25 5
0.0 0
0.0 0
0.0 0
0.0 0
0.375 3
0.5 0
0.0 0
0.25 3
0.375 3
0.625 3
0.5 5
0.5 3
0.5 3
0.375 5
0.0 0
0.5 2
0.375 3
0.0 0
0.375 5
0.375 3
0.625 3
0.375 5
0.25 3
0.375 5
0.25 3
0.5833333333333333 3
0.375 7
0.0 0
0.0 0
0.5 8
0.0 0
0.5 1
0.0 0
0.5 1
0.0 0
0.0 0
0.25 0
0.0 0
0.25 0
0.5 7
0.5 0
0.5 0
0.0 0
0.0 0
0.625 0
0.0 0
0.5 3
0.625 0
0.5 6
0.0 0
0.5 5
0.625 0
0.0 0
0.5 3
0.625 0
0.375 5
0.25 3
0.375 5
0.25 3
0.45833333333333326 5
0.625 1
0.5 2
0.5 1
0.375 1
0.0 0
0.375 1
0.25 0
0.5 0
0.0 0
0.0 0
0.25 0
0.25 0
0.5 2
0.625 2
0.25 0
0.25 1
0.625 1
0.25 1
0.45833333333333326 3
0.25 0
0.625 0
0.25 0
0.625 0
0.25 1
0.0 0
0.5833333333333333 1
0.625 0
0.625 0
0.25 0
0.25 1
0.45833333333333326 1
0.625 0
0.25 0
0.5833333333333333 0
0.6249999999999999 7
0.625 3
0.5 4
0.5 2
0.5 2
0.5 4
0.5 3
0.5 3
0.625 3
0.5 4
0.5 1
0.5 1
0.5 4
0.5 3
0.5 3
0.5 7
0.5 1
0.5 1
0.0 1
0.0 1
0.625 1
0.5 3
0.5 3
0.625 1
0.625 3
0.5 4
0.5 3
0.5 3
0.625 3
0.5 1
0.5 1
0.5 1
0.625 1
0.5 1
0.625 1
0.5 1
0.625 1
0.625 1
0.625 3
0.625 3
0.625 1
0.5 3
0.625 1
0.5 4
0.5833333333333334 3
0.625 3
0.5 4
0.5 3
0.5 3
0.5 4
0.5 0
0.5 0
0.5 8
0.0 0
0.0 0
0.5 0
0.5 0
0.625 0
0.5 2
0.625 0
0.5 3
0.625 3
0.5 4
0.5 0
0.5 0
0.375 4
0.0 0
0.5 4
0.5 3
0.5 0
0.5 8
0.375 3
0.625 3
0.5 6
0.625 0
0.5 3
0.625 0
0.5833333333333333 3
0.25 4
0.0 0
0.0 0
0.0 0
0.0 0
0.5 3
0.5 1
0.5 0
0.375 3
0.375 3
0.5 8
0.5 0
0.5 0
0.625 0
0.625 0
0.5 3
0.5 7
0.625 0
0.625 0
0.5 3
0.49999999999999994 7
0.5 2
0.5 1
0.5 0
0.25 0
0.25 1
0.5 1
0.5 0
0.625 1
0.375 1
0.5 0
0.625 1
0.25 0
0.6249999999999999 3
0.625 0
0.625 1
0.625 0
0.625 1
0.625 0
0.625 0
0.625 1
0.5 1
0.5 1
0.5833333333333333 0
0.375 2
0.5833333333333333 1
0.5833333333333333 3
0.625 3
0.625 3
0.5 5
0.625 1
0.5 1
0.625 1
0.625 3
0.625 3
0.25 1
0.5 2
0.25 1
0.375 3
0.5833333333333334 3
0.625 3
0.25 0
0.5 2
0.5 0
0.5 3
0.625 3
0.5 5
0.625 0
0.5 3
0.625 0
0.5833333333333333 3
0.5 4
0.5 1
0.625 0
0.625 0
0.25 0
0.5 0
0.25 0
0.375 3
0.4999999999999999 7
0.625 0
0.625 0
0.5 1
0.625 0
0.625 0
0.375 0
0.625 2
0.625 0
0.625 1
0.625 0
0.625 0
0.5833333333333333 0
0.625 0
0.375 0
0.5 3
0.5833333333333333 1
0.625 5
0.625 3
0.625 3
0.625 1
0.5 1
0.5 4
0.625 1
0.49999999999999994 3
0.625 3
0.5 2
0.5 0
0.25 0
0.5 5
0.625 3
0.5 1
0.625 0
0.5 3
0.625 0
0.5833333333333333 1
0.625 0
0.625 0
0.625 1
0.6249999999999999 1
0.625 0
0.625 0
0.5833333333333333 0
0.5 1
0.5833333333333333 1
0.5833333333333333 1
0.5833333333333333 4
0.5833333333333333 3
0.5833333333333333 3
0.5833333333333334 1
0.625 0
0.49999999999999994 7
0.5833333333333334 1
0.49999999999999994 5
0.0 0
0.0 0
