0.9999999999999999 3
1.0 3
1.0 6
1.0 6
1.0 7
1.0 5
1.0 6
1.0 7
1.0 5
1.0 6
0.0 0
1.0 6
1.0 4
1.0 8
1.0 7
0.0 0
1.0 5
0.0 0
0.0 0
1.0 8
1.0 7
1.0 5
1.0 5
1.0 5
1.0 6
1.0 6
1.0 4
1.0 5
0.7987374664166439 5
1.0 8
0.0 0
0.0 0
0.0 0
0.0 0
0.0 0
1.0 5
0.9680045997390919 3
1.0 3
0.0 0
0.0 0
0.42744571494598393 5
1.0 8
0.0 0
1.0 5
0.7506861181107849 8
0.0 0
1.0 3
0.781126420490822 3
0.9999999999999999 7
1.0 7
0.0 0
1.0 7
1.0 6
1.0 6
1.0 7
1.0 4
1.0 6
1.0 3
1.0 3
1.0 3
1.0 3
1.0 3
1.0 3
1.0 3
1.0 3
0.8552645652546202 5
1.0 5
0.0 0
1.0 5
0.0 0
0.0 0
0.0 0
1.0 3
1.0 3
0.0 0
0.0 0
1.0 3
0.0 0
1.0 3
0.9999999999999999 5
0.9999999999999999 5
1.0 5
0.0 0
1.0 6
1.0 3
1.0 3
1.0 3
1.0 3
1.0 5
1.0 5
1.0 3
0.9806743829546453 7
0.9999999999999999 3
1.0 5
0.9999999999999999 5
0.9561444718681238 8
1.0 6
1.0 5
1.0 6
1.0 6
1.0 8
0.0 0
1.0 8
1.0 7
1.0 6
1.0 4
1.0 4
1.0 5
1.0 4
1.0 5
1.0 6
0.5037455593624489 8
0.0 0
0.0 0
1.0 2
1.0 2
1.0 2
0.0 0
0.9719083903931585 5
1.0 6
1.0 2
0.0 0
1.0 2
1.0 2
0.9999999999999999 6
1.0 5
1.0 2
1.0 2
1.0 2
1.0 2
1.0 2
1.0 2
0.8554627529276089 8
0.9283264888730025 2
1.0 6
0.9561444718681238 2
0.7803866583284933 2
1.0 2
1.0 3
1.0000000000000002 3
1.0 7
1.0 6
1.0 3
1.0 3
1.0 7
1.0 6
1.0 3
1.0 5
1.0 3
0.0 0
1.0 3
1.0000000000000002 6
1.0 2
1.0 2
1.0 7
0.0 0
1.0 2
1.0 2
1.0 5
1.0 2
0.9550027096261672 3
1.0 3
1.0 2
1.0 3
1.0 2
0.9999999999999999 2
1.0 3
1.0 2
0.9974075223778847 2
1.0 2
1.0 3
0.7267055826451219 3
0.9999999999999999 2
1.0 4
1.0 4
1.0 4
1.0 3
1.0 3
1.0 3
1.0 4
1.0 8
1.0 4
1.0 3
1.0 3
1.0 3
0.9999999999999999 7
1.0 2
1.0 2
1.0 2
0.0 0
1.0 2
1.0 2
1.0 2
1.0 2
1.0 2
1.0 2
1.0 2
1.0 3
0.9999999999999999 3
1.0 2
1.0 2
0.9999999999999999 3
1.0 2
1.0 2
1.0000000000000002 2
1.0 3
1.0 3
0.9501490095760876 3
1.0 5
0.9999999999999999 7
0.9999999999999999 8
0.9877339518536474 3
1.0000000000000002 3
0.9387840373300385 3
0.9999999999999999 3
0.9999999999999999 5
1.0 2
1.0 4
0.9999999999999999 6
1.0 2
0.9999999999999998 6
1.0 2
1.0 6
0.9970096820935388 6
1.0 7
1.0 7
1.0 7
1.0 6
1.0 5
1.0 6
0.0 0
1.0 6
0.0 0
0.0 0
0.0 0
1.0 8
1.0 7
0.0 0
1.0 6
0.0 0
1.0 6
0.7653400003509924 5
0.0 0
0.0 0
0.0 0
1.0 7
1.0 5
0.0 0
1.0 6
0.0 0
1.0 6
1.0 5
1.0 5
1.0 7
0.0 0
1.0 7
1.0 8
1.0 5
1.0 7
0.0 0
0.8262625116237644 7
1.0 8
0.0 0
1.0 7
0.0 0
1.0000000000000002 7
0.0 0
1.0 7
1.0 5
0.0 0
0.0 0
0.0 0
0.7204984793519014 7
1.0 7
1.0 7
0.0 0
1.0 7
1.0 6
1.0 4
1.0 7
1.0 3
1.0 7
1.0 3
0.9072561032412372 6
1.0 3
1.0 3
0.8740242812773269 7
1.0 5
0.0 0
1.0 5
0.0 0
0.0 0
0.0 0
1.0 7
1.0 3
1.0 3
1.0 3
1.0 3
1.0 3
1.0 3
0.9999999999999999 5
1.0 4
0.0 0
1.0 4
1.0 3
0.0 0
0.0 0
0.8262625116237644 4
1.0 4
1.0000000000000002 4
1.0 3
0.8018237639457684 7
0.7257665806929747 3
0.9706855539638617 6
0.676923649336456 7
0.9387583504506042 3
1.0 4
1.0 8
0.0 0
1.0 1
1.0 1
1.0 1
1.0 5
1.0 6
1.0 1
1.0 1
1.0 1
1.0 4
1.0 5
1.0 1
1.0 1
1.0 1
1.0 1
1.0 1
1.0 1
0.6474270127584036 5
0.9283264888730025 1
1.0 6
0.9561444718681238 1
1.0 4
1.0 1
0.9999999999999999 3
1.0 1
1.0 1
1.0 1
0.0 0
1.0 6
1.0 1
1.0 1
0.0 0
1.0 1
1.0 3
1.0 1
1.0 3
1.0 1
0.9999999999999999 1
1.0 3
1.0 1
1.0 3
0.9999999999999999 1
0.7856562923534882 1
1.0 6
1.0 6
1.0 1
1.0 1
1.0 1
1.0 1
0.0 0
1.0 1
1.0 1
1.0 1
1.0 1
1.0 1
0.0 0
1.0 1
1.0 1
0.6376111217567706 3
1.0 1
1.0 1
0.9999999999999999 8
1.0 1
1.0 1
1.0000000000000002 1
1.0 7
1.0 1
1.0 7
0.6359938120010841 3
0.7730783495919116 3
0.6265316710327392 4
0.6988612199713657 7
1.0 3
0.6298682201277785 1
1.0 3
1.0 6
1.0 1
1.0 6
1.0 1
1.0 3
1.0 7
0.9999999999999999 6
1.0 8
1.0 7
1.0 8
1.0 6
1.0 7
1.0 6
0.8707227135755187 8
0.0 0
0.0 0
0.8278593800694884 6
0.0 0
0.9576649107691594 7
0.8965755840882232 7
1.0 2
1.0 7
1.0 7
1.0 2
0.0 0
0.5910032956387127 6
1.0 2
1.0 2
0.766337339141688 7
1.0 2
1.0 2
1.0 2
1.0 2
1.0 2
1.0 2
0.9999999999999999 2
1.0 2
0.0 0
1.0 5
0.9999999999999999 6
1.0 4
1.0 5
1.0 2
0.935796451103954 7
1.0 4
1.0 7
0.9387583504506042 2
1.0 1
0.9999999999999999 8
1.0 1
1.0 8
1.0 7
1.0 6
0.8422820051997624 7
0.0 0
0.0 0
1.0 6
1.0 1
0.9870273208905753 6
0.7630456485699528 6
1.0 1
1.0 1
1.0 1
1.0 1
1.0 1
1.0 1
1.0 1
1.0 1
1.0 1
1.0 1
0.0 0
1.0 5
1.0 1
1.0 4
1.0 1
0.9870273208905753 4
0.8295192740281683 1
1.0 1
1.0 1
1.0 1
1.0 1
0.6434220989485565 1
1.0 1
0.9999999999999999 4
0.9999999999999999 1
1.0 5
1.0000000000000002 1
1.0 8
1.0 1
1.0 8
1.0 1
1.0 2
1.0 1
1.0 1
1.0 1
1.0 2
0.8678171563482227 2
1.0 1
1.0000000000000002 5
1.0 1
0.8473362974642951 1
0.0 0
0.0 0
1.0 1
1.0 1
0.9999999999999999 6
1.0 1
1.0 2
1.0 1
1.0 2
1.0 7
1.0 6
1.0000000000000002 5
0.6359938120010841 2
0.9877339518536474 1
1.0000000000000002 1
1.0 7
0.9999999999999999 2
0.9482090079525428 5
1.0000000000000002 2
0.9999999999999999 1
1.0 6
1.0 1
0.9999999999999998 2
1.0 6
1.0 6
1.0 8
1.0 7
1.0 2
1.0 6
0.8277495964176291 7
1.0 2
0.0 0
0.9121696970829539 6
0.0 0
1.0 7
1.0 5
0.0 0
1.0 5
0.0 0
1.0 5
1.0 3
1.0 3
1.0 3
1.0000000000000002 8
0.9999999999999999 7
1.0 2
1.0 2
1.0 8
1.0 2
1.0000000000000002 2
1.0 5
0.9263041567465222 7
1.0 3
0.890139190192063 7
1.0000000000000002 6
0.9646716453849109 3
1.0 6
1.0 8
1.0 7
1.0 6
1.0 1
0.7574837412925362 8
0.0 0
1.0 1
1.0 8
0.0 0
0.5672724162558057 7
1.0 5
0.0 0
1.0 5
0.0 0
1.0 5
0.792683630120663 1
1.0 3
1.0 3
0.9870273208905753 3
0.8756171126415062 5
0.0 0
0.8165747902713514 8
1.0 3
0.8422820051997624 3
0.5672724162558057 5
0.873394012530621 5
0.9999999999999999 3
0.7698716159072476 7
1.0 5
1.0 2
1.0 1
0.0 0
1.0 2
0.0 0
0.0 0
0.0 0
0.9740583887750713 5
0.8579538213479625 7
0.6503171354497693 8
0.9999999999999998 5
1.0 2
1.0 1
0.9853901991588853 8
0.9999999999999999 3
1.0 3
1.0 8
0.5783055441445081 3
1.0 2
0.9589501923071284 1
0.9054632246134613 8
0.6265316710327392 2
0.651459809617899 7
0.723386846856598 2
0.9999999999999999 1
0.9926606262647655 8
0.9687409625756958 1
0.6401986667279188 1
0.9886565279178355 3
1.0 7
1.0 4
1.0 2
1.0 2
0.0 0
1.0 4
0.9819859684035925 7
0.9121696970829539 4
1.0 2
1.0 2
0.0 0
1.0 2
1.0 3
1.0 2
1.0 2
0.9101802324669968 4
0.8043281513939433 3
0.8497217472882445 7
0.48844360792929203 4
1.0 6
1.0 4
1.0 1
1.0 1
0.0 0
1.0 4
1.0 1
1.0 3
1.0 3
0.9999999999999999 1
0.9999999999999999 1
1.0 1
0.9425652687738728 1
0.9218801132501707 3
1.0 1
1.0 1
0.9999999999999998 1
0.7574837412925362 4
1.0 1
1.0 1
1.0 1
0.0 0
0.9740583887750713 4
0.9999999999999999 2
1.0 6
0.9999999999999998 6
0.6444066008876294 7
1.0 4
1.0 2
1.0 1
0.740525898365372 2
1.0 3
1.0000000000000002 3
1.0 3
1.0 3
1.0 1
1.0 1
0.9999999999999998 2
1.0 3
1.0 4
1.0 5
1.0 2
1.0 3
0.9999999999999999 2
0.453093289418406 5
0.5552119317181498 3
1.0 3
1.0000000000000002 4
1.0 5
1.0 5
1.0 1
0.5610011412523421 1
0.9526679080229086 5
0.5976085090066231 4
0.9544055111489074 3
0.7734834690558658 4
1.0 3
0.9948900696970857 5
1.0 5
0.7553197955385731 2
1.0 1
0.6780686847793453 2
0.5798761245286064 2
0.6777236056713155 5
1.0 1
1.0 3
1.0 2
1.0 2
0.9999999999999999 2
1.0 2
1.0 2
1.0 1
1.0 1
1.0 3
0.9263041567465222 4
0.935796451103954 3
1.0 4
1.0 3
0.9999999999999998 1
0.907012510646865 1
1.0 1
0.9999999999999999 3
0.7698716159072476 4
0.9999999999999999 5
0.8554627529276089 1
0.7843152567037064 2
1.0 6
0.9999999999999999 1
1.0 3
0.9999999999999999 3
1.0 1
1.0 2
1.0 1
0.9867006461895504 3
1.0 3
0.976301907247962 4
0.972934811827763 2
0.9928721760379688 2
0.9999999999999998 1
0.9926606262647655 4
0.9997733566477067 7
0.9971895761674991 7
1.0 7
1.0 7
1.0 8
1.0 5
1.0 7
1.0 7
1.0 7
0.0 0
1.0 4
1.0 7
0.0 0
0.9999999999999999 5
0.0 0
1.0 7
1.0 8
1.0 7
1.0 4
1.0 5
0.9642034947207644 8
0.0 0
0.0 0
1.0 7
0.7986351693262781 6
0.0 0
0.0 0
0.0 0
1.0 7
0.0 0
1.0 7
1.0 6
0.0 0
1.0 6
0.9999999999999999 7
0.0 0
1.0 3
0.7923018328708896 7
0.0 0
0.0 0
1.0 3
0.0 0
0.0 0
0.0 0
1.0 7
1.0 8
1.0 8
1.0 8
0.0 0
1.0 8
1.0 8
0.0 0
1.0 6
1.0 7
1.0 6
1.0 7
0.0 0
1.0 3
1.0 3
1.0 3
1.0 3
0.9999999999999999 8
0.0 0
0.5738933856007382 3
0.9466630462929514 8
0.0 0
1.0 4
1.0 4
1.0 5
0.0 0
1.0 5
0.8260759801881699 5
0.0 0
0.0 0
0.0 0
0.9825289567050899 7
0.0 0
0.9020478082108704 5
0.7813703996642534 7
0.9894862303061227 8
1.0 5
0.0 0
1.0 5
1.0 3
1.0 3
1.0 3
1.0 3
1.0 3
1.0 3
1.0 5
1.0 7
0.9814548670972276 3
1.0 3
0.9999999999999999 5
1.0000000000000002 8
1.0 7
0.0 0
1.0 6
1.0 5
1.0 8
1.0 6
1.0 7
1.0 6
0.0 0
0.0 0
0.0 0
1.0 8
1.0 7
1.0 8
1.0 6
1.0 7
1.0 6
0.7431992738252184 7
1.0 5
1.0 5
1.0 4
1.0 4
0.0 0
0.0 0
1.0 5
1.0 5
1.0 4
1.0 5
1.0 5
0.7284278377593383 7
0.0 0
1.0 7
0.0 0
1.0 6
0.5052380483407608 2
1.0 2
1.0 2
0.0 0
0.5268417427362981 5
1.0 2
0.0 0
0.9317587510028159 6
1.0 6
1.0 2
1.0 8
0.0 0
1.0 7
0.6149427488546411 7
0.0 0
0.0 0
1.0 2
1.0 2
1.0 2
1.0 5
1.0 2
1.0 2
1.0 2
1.0 2
0.9999999999999999 8
1.0 2
1.0000000000000002 2
1.0 2
1.0 2
1.0 2
1.0 8
1.0 6
1.0000000000000002 5
1.0 2
1.0 7
1.0 6
1.0000000000000002 3
1.0 7
1.0 8
0.0 0
1.0 7
1.0 8
1.0 6
1.0 3
1.0 3
1.0 5
1.0 3
0.0 0
0.9999999999999998 6
1.0000000000000002 8
1.0 8
0.0 0
1.0 2
1.0 2
1.0 2
1.0 5
1.0 5
0.9999999999999999 7
1.0 3
0.9999999999999998 3
0.850288964591944 7
1.0 2
0.9999999999999999 2
1.0 2
1.0 2
1.0 3
0.9673277894297447 6
1.0000000000000002 3
1.0 2
1.0 3
1.0 3
1.0 4
1.0 4
1.0 3
1.0 3
0.0 0
1.0 3
1.0 3
1.0 4
1.0 3
0.0 0
0.9631336091627118 6
1.0 2
1.0 2
1.0 2
1.0 4
1.0 2
1.0 2
1.0 2
0.9999999999999999 4
1.0 3
1.0 3
0.7644947050985279 2
0.0 0
0.9999999999999999 7
0.769356508945521 2
1.0 7
0.9999999999999999 8
1.0 4
1.0 7
1.0 2
1.0 3
1.0 4
1.0 3
1.0 8
1.0 2
1.0 2
1.0 2
0.903246541956561 8
1.0 2
1.0 3
1.0 3
0.9999999999999998 8
1.0 4
0.9823649110437276 4
1.0 2
0.7038616444207114 3
0.6754350067371155 2
0.9934676149921534 3
0.9999999999999999 5
0.9766162367240614 8
1.0 8
0.0 0
1.0 7
0.0 0
1.0 5
1.0 0
1.0 0
1.0 5
0.0 0
0.6663996923319669 5
1.0 0
1.0 5
1.0 6
1.0 0
0.0 0
1.0 6
1.0 4
1.0 4
1.0 0
1.0 0
1.0 0
1.0 5
1.0 0
1.0 0
1.0 0
1.0 0
0.9999999999999999 0
1.0 0
1.0 0
1.0 0
1.0 0
1.0 0
1.0 4
1.0 5
0.8241735663822015 7
1.0 0
1.0 7
0.6891856525061354 0
1.0 0
1.0 6
1.0 7
0.0 0
1.0 6
1.0 0
1.0 0
1.0 0
1.0 5
1.0 7
1.0 3
1.0 3
0.9999999999999998 7
1.0 3
1.0 0
0.9999999999999999 0
1.0 0
1.0 0
0.881806729992629 5
1.0 3
1.0 3
1.0 0
1.0 6
1.0 0
1.0 0
1.0 0
0.0 0
1.0 0
1.0 8
1.0 0
0.0 0
0.6833791129425603 6
0.7260617466438039 8
0.0 0
0.0 0
0.7644947050985279 0
0.8929224576577546 0
1.0 8
1.0 7
1.0 8
1.0 6
1.0 0
1.0000000000000002 3
0.9999568045281823 5
0.8090048512497375 0
1.0 0
1.0 0
1.0 0
0.9998457870628505 4
1.0 0
1.0 5
0.6798876938322511 3
0.9999999999999998 6
0.9788656635018418 4
1.0 0
1.0 6
1.0 5
1.0 5
1.0 7
1.0 8
1.0 8
1.0 0
1.0 7
1.0 6
1.0 7
1.0 0
0.0 0
0.6731812688131125 8
0.0 0
0.8728980859250641 0
0.9434241786607633 7
1.0 7
1.0 0
1.0 0
1.0 0
1.0 0
0.8799364363278631 0
0.0 0
1.0 7
0.6592771812562737 7
0.0 0
1.0 5
0.0 0
0.8711958040464938 8
1.0 4
0.7888361491739893 8
0.8586103091088355 5
1.0 0
1.0 0
1.0 0
1.0 0
1.0 0
1.0 0
0.6253853181806519 0
1.0 4
1.0 0
0.9642034947207644 0
1.0000000000000002 0
1.0 2
1.0 0
1.0 0
1.0 2
1.0 2
1.0 7
0.7780257236769019 0
1.0 0
1.0 8
1.0 2
1.0 0
1.0000000000000002 7
0.9999999999999999 0
1.0 0
1.0 0
0.0 0
0.9547459725523254 6
0.0 0
0.9999999999999999 7
1.0 8
0.9999999999999999 7
1.0 4
1.0 4
1.0 0
1.0000000000000002 2
1.0 0
0.7224782520970439 0
1.0 0
0.4635217690906898 8
1.0 2
1.0 0
1.0 0
0.9970288861969542 0
0.9823649110437276 0
0.7038616444207114 0
0.722818773920309 2
0.9999999999999999 7
0.9999999999999998 7
1.0 6
1.0 8
1.0 7
1.0 8
1.0 6
1.0 7
1.0 6
0.8947520767998429 7
0.0 0
0.0 0
0.7292483204706662 6
0.0 0
0.8036623620109901 6
1.0 5
1.0 0
1.0 0
0.0 0
1.0 5
0.9023201539373862 0
1.0 3
1.0 8
0.8587134088937731 7
1.0 5
0.0 0
1.0 5
0.9999999999999999 0
1.0 3
1.0 3
1.0 0
1.0 5
1.0 3
0.9999999999999999 7
1.0 6
0.9863691472395659 7
1.0 2
1.0 2
0.0 0
0.6663996923319669 2
0.0 0
1.0 2
0.6835303155324166 7
1.0 0
0.0 0
0.5999350652302646 8
0.9999999999999999 7
0.7284278377593383 0
1.0 2
1.0 2
0.9999999999999999 5
0.9766162367240614 2
1.0 7
0.5999350652302646 6
0.997736549146458 3
0.9547459725523254 3
0.9999999999999999 7
1.0 3
1.0 0
1.0 7
0.8949426405358296 3
0.9543933620880867 2
0.9998457870628505 2
1.0 2
0.7156472423606248 0
0.0 0
0.852406217035875 5
0.6386293646884924 2
0.0 0
0.9896865491348712 0
1.0 7
1.0 4
0.0 0
1.0 4
1.0 0
1.0 0
0.8260759801881699 0
1.0 3
0.9020478082108704 0
1.0 7
1.0 4
1.0 0
1.0 0
1.0 0
1.0 0
1.0 3
1.0 0
0.8667185137707049 7
1.0 0
0.9999999999999999 0
0.9999999999999999 2
1.0 0
1.0 2
0.9999999999999999 0
1.0 2
0.9691361265423128 8
1.0 0
1.0 4
1.0000000000000002 2
1.0000000000000002 0
1.0 7
1.0 6
0.9999999999999998 0
1.0 7
1.0 3
1.0 2
1.0 7
1.0 7
1.0 2
0.903246541956561 0
0.9654230773687573 2
1.0 2
1.0 2
0.9628517364984064 4
1.0 4
0.6592771812562737 3
0.9825289567050899 0
1.0 5
1.0 5
0.8008922235267033 5
0.8711958040464938 3
1.0 4
0.9999999999999999 7
1.0 2
1.0 0
1.0 0
0.8489190625553182 0
0.7417504938565953 0
1.0 0
1.0 2
1.0 2
1.0 2
0.6186659829889612 3
1.0 2
1.0 0
1.0 2
1.0 8
1.0 2
0.9999999999999999 3
1.0 5
1.0 0
1.0 3
0.9999999999999999 0
1.0 2
1.0 0
1.0 2
1.0 0
0.9987209043931274 0
0.9999999999999998 0
1.0 3
1.0 0
1.0 0
1.0 0
0.9999999999999999 2
0.9999999999999998 7
1.0000000000000002 0
1.0 0
0.9999999999999999 3
0.9999999999999999 0
1.0 6
0.9999999999999999 1
1.0 8
1.0 5
1.0 8
1.0 7
1.0 8
1.0 7
1.0 5
1.0 5
1.0 8
0.0 0
1.0 6
1.0 4
1.0 8
1.0 7
1.0 6
1.0 5
1.0 5
1.0 5
1.0 4
1.0 4
1.0 5
1.0 5
1.0 4
1.0 5
1.0 4
1.0 4
1.0 4
1.0 6
1.0 1
0.0 0
0.847745673610333 5
1.0 1
1.0 1
0.0 0
1.0 1
1.0 1
1.0 1
1.0 1
1.0 1
1.0 8
0.0 0
1.0 1
1.0 1
1.0 1
1.0 1
1.0 1
0.9999999999999998 8
0.0 0
1.0 1
1.0 1
1.0 1
1.0 1
1.0 4
1.0 1
1.0 1
0.9999999999999999 4
0.9999999999999999 5
0.9672469012316384 8
1.0 1
1.0 1
0.9999999999999999 6
1.0 5
1.0 1
1.0 1
1.0 1
1.0 3
0.7095508612521304 6
1.0 8
1.0 8
1.0 3
1.0 3
1.0 5
1.0 3
0.0 0
1.0 5
1.0 8
1.0 1
1.0 1
1.0 1
1.0 5
1.0 1
0.0 0
1.0 1
0.7095508612521304 1
1.0 1
0.9999999999999999 8
0.9413954047193789 7
0.8350329771898233 8
1.0 5
1.0 3
0.9999999999999999 1
1.0000000000000002 3
1.0 8
1.0 4
1.0 3
1.0 3
1.0 3
1.0 4
1.0 1
1.0 1
1.0 1
1.0 3
1.0 1
1.0 1
1.0 8
1.0 1
1.0 1
0.9999999999999999 7
1.0 4
0.7269000420456693 5
1.0 8
0.7634365152319293 4
1.0 1
0.7634365152319293 3
1.0 8
1.0 7
1.0 5
1.0 1
0.9999999999999999 1
1.0 5
0.8913995163033758 1
0.9600091340949706 6
1.0 1
0.9600091340949706 4
1.0 7
1.0000000000000002 0
0.726819020010815 0
1.0 0
0.0 0
0.0 0
0.9999999999999999 5
1.0 0
1.0 0
1.0 5
0.9999999999999999 0
1.0 0
1.0 0
1.0 0
1.0 0
0.0 0
1.0 7
1.0 0
1.0 0
0.9999999999999999 0
1.0 0
1.0 0
0.9999999999999999 8
0.0 0
1.0 0
1.0 0
1.0 0
1.0 0
0.9522001999360982 8
1.0 0
1.0 0
0.9999999999999999 7
1.0 5
0.7107628100105847 0
1.0 0
1.0 0
1.0 5
1.0 5
1.0 0
1.0 0
1.0 0
1.0 5
1.0 8
0.0 0
1.0 0
1.0 0
1.0 0
1.0 5
0.8212017500193205 5
1.0 0
1.0 3
1.0 0
0.8996329398737156 7
1.0 0
0.6672480891101406 3
1.0 5
0.8996329398737156 6
0.9167422349699472 0
1.0 3
0.9999999999999999 0
1.0000000000000002 3
1.0 8
1.0 0
1.0 0
1.0 0
0.5663055311330857 0
0.0 0
1.0 0
1.0 0
0.9999999999999999 8
1.0 0
1.0 0
1.0 5
1.0000000000000002 8
0.8396738545177393 5
1.0 0
0.8244381635829379 5
1.0 4
0.9999999999999999 7
0.9999999999999999 5
1.0000000000000002 3
1.0 0
1.0 5
1.0 6
1.0 0
1.0 4
0.9999999999999998 6
1.0 0
1.0 6
1.0 1
1.0 0
0.8468469514469887 1
0.0 0
1.0000000000000002 5
0.9999999999999998 5
1.0 8
0.8598043467996898 0
1.0 0
0.9999999999999999 1
1.0 0
1.0 7
0.0 0
1.0 1
1.0 4
1.0 4
1.0 0
0.8176256955716242 0
1.0000000000000002 5
0.6102402183801637 1
0.9972929416340806 7
1.0 8
1.0 7
1.0 5
1.0000000000000002 1
1.0 1
0.9797254391498748 1
1.0 1
1.0 1
0.9999999999999999 5
0.9986566330065212 5
0.9999999999999999 8
0.0 0
1.0 1
0.9999999999999999 8
0.0 0
0.9192054494899593 0
1.0 0
0.0 0
0.48854521341116286 0
1.0 0
0.8478635477852805 0
0.0 0
0.7507563156398609 5
1.0 6
0.0 0
1.0000000000000002 5
1.0 5
0.9999999999999999 0
1.0 1
1.0 3
0.61108396568221 3
0.7126845123648433 6
0.9684381995529017 5
1.0 1
0.8244381635829379 1
0.9972929416340806 3
0.8854100691412145 1
0.9606164252271505 1
0.7562758948914958 0
1.0 1
0.9735314175443416 6
1.0 7
0.6259683115389308 7
1.0 1
1.0 0
1.0 8
1.0 7
1.0 1
1.0 0
1.0 1
1.0 0
1.0 4
1.0 0
1.0 1
1.0000000000000002 3
1.0 1
1.0 0
1.0 1
1.0 1
0.9999999999999999 0
1.0 0
1.0 1
0.9203490935400374 1
0.9999999999999998 3
0.9919319060409573 0
1.0 1
0.8118018304299773 4
0.9999999999999999 0
1.0 0
0.9522001999360982 1
1.0 0
0.9348644502841614 0
0.8996329398737156 1
0.9999999999999999 5
0.4338133953199625 0
0.9999999999999999 5
0.9692537870345369 1
0.7126845123648433 4
0.9868318600964172 0
0.9999999999999999 1
1.0 5
1.0 5
0.9672469012316384 0
1.0 0
1.0 8
1.0 3
0.9999999999999999 3
0.9999999999999999 1
1.0 0
1.0 0
1.0 0
1.0 1
0.9982261225532214 1
0.9999999999999999 1
0.9999999999999998 1
0.9998542809331437 5
1.0 6
1.0 5
1.0 8
1.0 7
1.0 5
1.0 5
1.0 8
0.0 0
0.0 0
1.0 7
0.9458350619079724 8
0.0 0
0.0 0
0.0 0
0.0 0
0.4935107649267998 6
1.0 6
1.0 5
1.0 6
1.0 1
1.0 1
1.0 1
1.0 6
1.0 2
0.9673052726311593 2
1.0 5
1.0 2
0.9999999999999999 5
1.0 1
1.0 5
1.0 1
1.0 6
0.6072227917140177 8
0.0 0
0.0 0
0.0 0
0.0 0
0.9999999999999999 6
1.0 6
1.0 4
0.8494133975435532 6
0.9424531137323335 7
0.0 0
0.0 0
0.0 0
0.0 0
0.7342455429337281 8
0.0 0
0.0 0
0.7390619788987052 6
0.0 0
0.0 0
0.632878059280543 1
1.0 1
1.0000000000000002 6
0.9999999999999999 8
1.0000000000000002 4
1.0 8
0.9945257618908585 4
1.0 7
1.0 6
0.965467312072866 5
0.9999999999999999 5
1.0 5
0.8744876451290076 4
0.8978348294806368 5
1.0 5
0.9999999999999999 5
0.9999999999999999 4
1.0 1
0.7119719855537714 1
0.4965570570703454 5
1.0 1
1.0 4
1.0 5
1.0 1
1.0 2
0.8324321723545529 2
0.9976687395115412 6
1.0 0
0.6575303846067457 7
0.0 0
1.0 7
1.0 5
0.0 0
1.0 6
1.0 6
1.0 5
1.0 5
1.0 0
1.0 0
1.0 0
0.8844546458459123 8
1.0 2
1.0 2
1.0 2
1.0 5
0.6575303846067457 2
1.0 0
0.70504153074201 0
1.0 0
0.9795927945960349 6
0.7457922881156859 8
1.0 8
0.0 0
0.0 0
1.0 4
1.0 8
0.0 0
0.0 0
0.9780953687412232 7
0.7204359733773797 2
1.0 2
0.9669539408090957 6
1.0 0
0.6142291611568305 6
0.9999999999999999 8
0.8494133975435532 0
0.4636719558872633 0
0.9780953687412232 2
0.7457922881156859 2
1.0 2
0.9999999999999999 5
0.8010280229404594 8
0.8202758226984801 5
1.0 8
0.8066986130790744 0
0.9999999999999999 8
0.9999999999999999 0
0.9999999999999999 5
1.0 4
1.0 0
1.0 5
1.0 0
1.0 2
0.7605470346807743 5
0.9999999999999999 5
1.0 6
0.7195189196380858 7
1.0 1
1.0 6
1.0 0
1.0 1
1.0 1
1.0 0
0.7195189196380858 5
1.0 5
0.9458350619079724 0
0.7916131468290654 1
1.0000000000000002 6
1.0 8
0.0 0
1.0 1
0.6387970347738484 8
0.0 0
1.0 8
1.0 7
0.9821608253851308 8
1.0 6
1.0 4
1.0 1
0.9393706982086658 5
0.8744876451290076 0
0.7034106321278033 0
0.8056743157407318 4
1.0 7
1.0 5
0.8010280229404594 1
1.0 6
1.0 5
1.0 0
1.0 5
1.0 5
0.8424603418399411 6
0.9669539408090957 1
1.0000000000000002 0
0.689753169645564 8
0.9945257618908585 0
1.0 2
0.9399605478465001 1
1.0 8
1.0 0
0.9999999999999999 0
0.9205174073460057 5
1.0 1
0.9958507595466686 1
1.0 0
0.7203180319519221 0
0.9877141526029954 0
0.9990396532571806 1
1.0 0
1.0 1
0.9999999999999999 0
1.0 1
1.0 0
1.0 0
0.9999999999999998 4
0.9999999999999999 2
1.0 1
0.9999999999999999 0
1.0 2
0.9999999999999998 2
1.0 0
1.0 0
1.0 1
0.9999999999999999 2
1.0 2
1.0 0
1.0 2
1.0 2
0.9999999999999999 0
0.9986475602231161 5
0.9955013532441368 2
1.0 0
0.9999999999999998 5
1.0 2
1.0000000000000002 0
1.0 0
1.0 4
1.0 1
0.9998801256158911 5
0.9999999999999999 8
0.9999999999999999 3
1.0 8
1.0 7
1.0 3
1.0 3
0.9999999999999998 8
0.0 0
0.0 0
0.558253993694332 3
0.9999999999999999 8
1.0 8
0.0 0
0.0 0
1.0 3
0.9203155949438084 8
0.0 0
0.0 0
0.630281619033111 7
0.9999999999999999 7
1.0 1
1.0 1
1.0 8
0.9408218384099385 7
0.5342354446462 1
0.7781443023658742 7
1.0 3
0.9408218384099385 3
0.9999999999999999 3
0.9999999999999998 3
1.0 1
1.0 8
1.0 7
0.8937521191876796 8
0.7895018767372084 5
0.9423036868450623 8
0.9999999999999999 7
0.6566417558530323 8
1.0 7
1.0 1
1.0 1
1.0 8
0.7770025935244556 5
0.8880212502967698 5
0.6049326694139888 5
0.8880212502967698 2
0.6058169768097512 5
0.9891413854893076 7
0.9999999999999998 2
1.0 7
0.0 0
1.0 7
1.0 3
0.0 0
0.9999999999999998 6
1.0 6
1.0 3
1.0 3
1.0 7
1.0 0
1.0 0
0.8668938672243705 0
1.0 2
1.0 2
0.9999999999999998 8
0.9156306821958302 2
1.0 2
0.7122249226753979 3
1.0 3
0.9999999999999998 6
1.0 0
0.6913202874674018 3
1.0 7
1.0 8
0.8180020535411519 2
1.0 8
0.9051319056145077 2
1.0 0
1.0 0
0.9885483415448406 8
1.0 6
1.0000000000000002 6
0.9999999999999999 6
1.0 3
1.0 2
0.9999999999999998 6
0.9201751791350472 7
1.0 1
1.0 0
1.0 6
1.0 1
1.0 1
0.9999999999999998 3
1.0 3
1.0 1
1.0 3
1.0 7
1.0 3
0.9364702547587398 8
0.6913202874674018 1
1.0 7
0.6589025118376827 1
1.0 7
1.0 1
0.8937521191876796 0
1.0 6
0.9705477230628102 1
0.8880212502967698 0
1.0 1
1.0 1
0.9843690873448796 0
1.0 2
1.0 2
1.0 0
1.0 2
1.0 0
1.0 0
1.0 7
0.7857334615190015 1
0.7631612701948971 0
0.9999999999999999 2
1.0 1
1.0000000000000002 6
0.9196395916524652 6
1.0000000000000002 1
0.9999999999999999 6
1.0000000000000002 8
1.0 0
1.0 1
1.0 6
0.9999999999999999 1
1.0 6
1.0 2
0.7781443023658742 0
1.0 1
1.0000000000000002 3
1.0 2
1.0 2
1.0 2
1.0 0
1.0 2
0.9999999999999998 2
1.0000000000000002 0
1.0 0
0.9995142558441023 0
0.9999999999999998 7
1.0 3
0.8456338251120115 7
1.0 3
0.7910067123127156 3
1.0 1
1.0 7
1.0 3
0.8618543697261744 3
1.0 3
1.0 3
0.9999999999999998 8
0.5386103126574533 6
0.556934895525189 3
0.7294644560978529 4
0.8432803200930767 6
0.8432803200930767 4
0.994284882467235 7
1.0 3
1.0 4
1.0 3
1.0 0
1.0 2
1.0 2
0.7530851098171921 2
1.0 3
0.9551235860440199 4
1.0 2
1.0 3
1.0 2
1.0 6
1.0 4
1.0 3
0.9765658565380129 4
1.0 0
1.0 1
1.0 1
1.0 3
0.3702996731325142 3
0.9105637412657055 0
1.0 1
1.0 1
1.0 3
0.6157246313946241 3
0.9945511440357447 1
1.0 1
1.0 0
1.0 2
1.0 0
1.0 0
0.9999999999999998 6
1.0 2
0.9999999999999999 1
1.0 1
0.9826537036483055 3
0.7340770869102371 0
0.9551235860440199 1
0.9931503273140373 1
1.0 1
1.0000000000000002 6
0.9999999999999999 3
1.0000000000000002 4
1.0 0
1.0 3
1.0 0
0.9999999999999998 0
0.9999999999999999 1
1.0 1
0.9999999999999999 5
1.0 3
1.0 7
0.9349250467958514 0
1.0 3
1.0000000000000002 1
1.0 2
0.9999999999999999 1
0.9965295567949028 3
1.0 1
0.9999999999999999 7
1.0 1
0.9962907046687228 1
0.9995007079938522 3
0.9664102900297141 5
1.0 2
1.0 1
0.9999999999999999 1
1.0 2
0.9999999999999999 1
0.9932693101777348 5
1.0 1
0.0 0
0.0 0
